#Isha,Maghreb,Asr,Dhuhr,Shurouq,Fajr
Jan
6 27 4 57 2 36 11 37 6 20 4 57
6 28 4 58 2 36 11 38 6 20 4 57
6 29 4 59 2 37 11 38 6 20 4 58
6 29 4 59 2 38 11 39 6 20 4 58
6 30 5 00 2 38 11 39 6 20 4 58
6 31 5 01 2 39 11 40 6 21 4 58
6 31 5 01 2 40 11 40 6 21 4 59
6 32 5 02 2 40 11 41 6 21 4 59
6 33 5 03 2 41 11 41 6 21 4 59
6 34 5 04 2 42 11 41 6 21 4 59
6 34 5 04 2 42 11 42 6 21 4 59
6 35 5 05 2 43 11 42 6 21 5 00
6 36 5 06 2 44 11 43 6 21 5 00
6 37 5 07 2 44 11 43 6 21 5 00
6 37 5 07 2 45 11 43 6 21 5 00
6 38 5 08 2 46 11 44 6 21 5 00
6 39 5 09 2 46 11 44 6 21 5 00
6 40 5 10 2 47 11 44 6 21 5 00
6 40 5 10 2 48 11 45 6 21 5 00
6 41 5 11 2 48 11 45 6 21 5 00
6 42 5 12 2 49 11 45 6 21 5 00
6 43 5 13 2 50 11 45 6 20 5 00
6 43 5 13 2 50 11 46 6 20 5 00
6 44 5 14 2 51 11 46 6 20 4 59
6 45 5 15 2 52 11 46 6 20 4 59
6 46 5 16 2 52 11 46 6 19 4 59
6 46 5 16 2 53 11 47 6 19 4 59
6 47 5 17 2 53 11 47 6 19 4 59
6 48 5 18 2 54 11 47 6 18 4 58
6 49 5 19 2 55 11 47 6 18 4 58
6 49 5 19 2 55 11 47 6 18 4 58
Feb
6 50 5 20 2 56 11 47 6 17 4 58
6 51 5 21 2 56 11 48 6 17 4 57
6 52 5 22 2 57 11 48 6 16 4 57
6 52 5 22 2 57 11 48 6 16 4 56
6 53 5 23 2 58 11 48 6 15 4 56
6 54 5 24 2 58 11 48 6 15 4 56
6 54 5 24 2 59 11 48 6 14 4 55
6 55 5 25 2 59 11 48 6 13 4 55
6 56 5 26 3 00 11 48 6 13 4 54
6 56 5 26 3 00 11 48 6 12 4 54
6 57 5 27 3 01 11 48 6 12 4 53
6 58 5 28 3 01 11 48 6 11 4 52
6 58 5 28 3 02 11 48 6 10 4 52
6 59 5 29 3 02 11 48 6 09 4 51
7 00 5 30 3 03 11 48 6 09 4 51
7 00 5 30 3 03 11 48 6 08 4 50
7 01 5 31 3 03 11 48 6 07 4 49
7 01 5 31 3 04 11 48 6 07 4 49
7 02 5 32 3 04 11 48 6 06 4 48
7 03 5 33 3 04 11 48 6 05 4 47
7 03 5 33 3 05 11 48 6 04 4 47
7 04 5 34 3 05 11 47 6 03 4 46
7 04 5 34 3 05 11 47 6 02 4 45
7 05 5 35 3 05 11 47 6 02 4 44
7 06 5 36 3 06 11 47 6 01 4 43
7 06 5 36 3 06 11 47 6 00 4 43
7 07 5 37 3 06 11 47 5 59 4 42
7 07 5 37 3 06 11 46 5 58 4 41
Mar
7 08 5 38 3 07 11 46 5 57 4 40
7 08 5 38 3 07 11 46 5 56 4 39
7 09 5 39 3 07 11 46 5 55 4 38
7 09 5 39 3 07 11 46 5 54 4 37
7 10 5 40 3 07 11 45 5 53 4 36
7 10 5 40 3 07 11 45 5 52 4 35
7 11 5 41 3 07 11 45 5 51 4 35
7 11 5 41 3 08 11 45 5 51 4 34
7 12 5 42 3 08 11 44 5 50 4 33
7 12 5 42 3 08 11 44 5 49 4 32
7 13 5 43 3 08 11 44 5 48 4 31
7 13 5 43 3 08 11 44 5 47 4 30
7 14 5 44 3 08 11 43 5 46 4 29
7 14 5 44 3 08 11 43 5 44 4 28
7 15 5 45 3 08 11 43 5 43 4 26
7 15 5 45 3 08 11 43 5 42 4 25
7 16 5 46 3 08 11 42 5 41 4 24
7 16 5 46 3 08 11 42 5 40 4 23
7 16 5 46 3 08 11 42 5 39 4 22
7 17 5 47 3 08 11 41 5 38 4 21
7 17 5 47 3 08 11 41 5 37 4 20
7 18 5 48 3 08 11 41 5 36 4 19
7 19 5 49 3 08 11 41 5 35 4 18
7 20 5 50 3 07 11 40 5 34 4 17
7 20 5 50 3 07 11 40 5 33 4 16
7 21 5 51 3 07 11 40 5 32 4 15
7 21 5 51 3 07 11 39 5 31 4 13
7 21 5 51 3 07 11 39 5 30 4 12
7 22 5 52 3 07 11 39 5 29 4 11
7 22 5 52 3 07 11 38 5 28 4 10
7 23 5 53 3 07 11 38 5 27 4 09
Apr
7 23 5 53 3 06 11 38 5 26 4 08
7 24 5 54 3 06 11 38 5 25 4 07
7 24 5 54 3 06 11 37 5 24 4 05
7 25 5 55 3 06 11 37 5 23 4 04
7 25 5 55 3 06 11 37 5 22 4 03
7 25 5 55 3 06 11 36 5 21 4 02
7 26 5 56 3 05 11 36 5 20 4 01
7 26 5 56 3 05 11 36 5 19 4 00
7 27 5 57 3 05 11 36 5 18 3 59
7 27 5 57 3 05 11 35 5 17 3 58
7 28 5 58 3 04 11 35 5 16 3 56
7 28 5 58 3 04 11 35 5 15 3 55
7 29 5 59 3 04 11 34 5 14 3 54
7 29 5 59 3 04 11 34 5 13 3 53
7 29 5 59 3 04 11 34 5 12 3 52
7 30 6 00 3 03 11 34 5 11 3 51
7 30 6 00 3 03 11 33 5 10 3 50
7 31 6 01 3 03 11 33 5 09 3 49
7 31 6 01 3 03 11 33 5 08 3 48
7 32 6 02 3 02 11 33 5 07 3 46
7 31 6 01 3 02 11 33 5 06 3 45
7 32 6 02 3 02 11 32 5 05 3 44
7 32 6 02 3 02 11 32 5 05 3 43
7 33 6 03 3 01 11 32 5 04 3 42
7 33 6 03 3 01 11 32 5 03 3 41
7 34 6 04 3 01 11 32 5 02 3 40
7 34 6 04 3 01 11 32 5 01 3 39
7 35 6 05 3 00 11 31 5 00 3 38
7 35 6 05 3 00 11 31 5 00 3 37
7 36 6 06 3 00 11 31 4 59 3 36
May
7 36 6 06 3 00 11 31 4 58 3 35
7 37 6 07 3 00 11 31 4 57 3 34
7 37 6 07 2 59 11 31 4 57 3 33
7 38 6 08 2 59 11 31 4 56 3 32
7 38 6 08 2 59 11 31 4 55 3 32
7 39 6 09 2 59 11 30 4 55 3 31
7 39 6 09 2 58 11 30 4 54 3 30
7 40 6 10 2 58 11 30 4 53 3 29
7 40 6 10 2 58 11 30 4 53 3 28
7 41 6 11 2 58 11 30 4 52 3 27
7 41 6 11 2 58 11 30 4 51 3 26
7 42 6 12 2 57 11 30 4 51 3 26
7 42 6 12 2 57 11 30 4 50 3 25
7 43 6 13 2 57 11 30 4 50 3 24
7 43 6 13 2 57 11 30 4 49 3 23
7 44 6 14 2 57 11 30 4 49 3 23
7 44 6 14 2 57 11 30 4 48 3 22
7 45 6 15 2 57 11 30 4 48 3 21
7 46 6 16 2 56 11 30 4 47 3 21
7 46 6 16 2 56 11 30 4 47 3 20
7 47 6 17 2 56 11 30 4 47 3 20
7 47 6 17 2 56 11 31 4 46 3 19
7 48 6 18 2 56 11 31 4 46 3 18
7 48 6 18 2 56 11 31 4 45 3 18
7 49 6 19 2 56 11 31 4 45 3 17
7 49 6 19 2 56 11 31 4 45 3 17
7 50 6 20 2 56 11 31 4 45 3 16
7 50 6 20 2 56 11 31 4 44 3 16
7 51 6 21 2 56 11 31 4 44 3 16
7 51 6 21 2 56 11 31 4 44 3 15
7 51 6 21 2 56 11 32 4 44 3 15
Jun
7 52 6 22 2 56 11 32 4 44 3 15
7 52 6 22 2 56 11 32 4 43 3 14
7 53 6 23 2 56 11 32 4 43 3 14
7 53 6 23 2 56 11 32 4 43 3 14
7 54 6 24 2 56 11 32 4 43 3 13
7 54 6 24 2 56 11 32 4 43 3 13
7 55 6 25 2 56 11 33 4 43 3 13
7 55 6 25 2 56 11 33 4 43 3 13
7 55 6 25 2 56 11 33 4 43 3 13
7 56 6 26 2 56 11 33 4 43 3 13
7 56 6 26 2 57 11 33 4 43 3 13
7 56 6 26 2 57 11 34 4 43 3 13
7 57 6 27 2 57 11 34 4 43 3 13
7 57 6 27 2 57 11 34 4 43 3 13
7 57 6 27 2 57 11 34 4 43 3 13
7 58 6 28 2 57 11 35 4 43 3 13
7 58 6 28 2 57 11 35 4 43 3 13
7 58 6 28 2 58 11 35 4 44 3 13
7 59 6 29 2 58 11 35 4 44 3 13
7 59 6 29 2 58 11 35 4 44 3 13
7 59 6 29 2 58 11 36 4 44 3 13
7 59 6 29 2 58 11 36 4 44 3 14
7 59 6 29 2 59 11 36 4 45 3 14
8 00 6 30 2 59 11 36 4 45 3 14
8 00 6 30 2 59 11 36 4 45 3 14
8 00 6 30 2 59 11 37 4 45 3 15
8 00 6 30 3 00 11 37 4 46 3 15
8 00 6 30 3 00 11 37 4 46 3 15
8 00 6 30 3 00 11 37 4 46 3 16
8 00 6 30 3 00 11 37 4 47 3 16
Jul
8 00 6 30 3 01 11 38 4 47 3 17
8 00 6 30 3 01 11 38 4 47 3 17
8 00 6 30 3 01 11 38 4 48 3 18
8 00 6 30 3 02 11 38 4 48 3 18
8 00 6 30 3 02 11 38 4 48 3 18
8 00 6 30 3 02 11 39 4 49 3 19
8 00 6 30 3 02 11 39 4 49 3 20
8 00 6 30 3 03 11 39 4 50 3 20
8 00 6 30 3 03 11 39 4 50 3 21
8 00 6 30 3 03 11 39 4 51 3 21
8 00 6 30 3 03 11 39 4 51 3 22
7 59 6 29 3 04 11 39 4 51 3 22
7 59 6 29 3 04 11 40 4 52 3 23
7 59 6 29 3 04 11 40 4 52 3 24
7 59 6 29 3 04 11 40 4 53 3 24
7 58 6 28 3 05 11 40 4 53 3 25
7 58 6 28 3 05 11 40 4 54 3 25
7 58 6 28 3 05 11 40 4 54 3 26
7 57 6 27 3 05 11 40 4 55 3 27
7 57 6 27 3 06 11 40 4 55 3 27
7 57 6 27 3 06 11 40 4 56 3 28
7 56 6 26 3 06 11 40 4 56 3 29
7 56 6 26 3 06 11 40 4 56 3 29
7 56 6 26 3 06 11 40 4 57 3 30
7 55 6 25 3 07 11 40 4 57 3 31
7 55 6 25 3 07 11 40 4 58 3 31
7 54 6 24 3 07 11 40 4 58 3 32
7 54 6 24 3 07 11 40 4 59 3 33
7 53 6 23 3 07 11 40 4 59 3 33
7 52 6 22 3 07 11 40 5 00 3 34
7 52 6 22 3 07 11 40 5 00 3 35
Aug
7 51 6 21 3 07 11 40 5 01 3 36
7 51 6 21 3 08 11 40 5 01 3 36
7 50 6 20 3 08 11 40 5 02 3 37
7 49 6 19 3 08 11 40 5 02 3 38
7 49 6 19 3 08 11 40 5 03 3 38
7 48 6 18 3 08 11 40 5 03 3 39
7 47 6 17 3 08 11 40 5 04 3 40
7 47 6 17 3 08 11 40 5 04 3 40
7 46 6 16 3 08 11 39 5 05 3 41
7 45 6 15 3 08 11 39 5 05 3 42
7 44 6 14 3 08 11 39 5 06 3 42
7 44 6 14 3 08 11 39 5 06 3 43
7 43 6 13 3 08 11 39 5 06 3 44
7 42 6 12 3 07 11 39 5 07 3 44
7 41 6 11 3 07 11 38 5 07 3 45
7 40 6 10 3 07 11 38 5 08 3 46
7 39 6 09 3 07 11 38 5 08 3 46
7 39 6 09 3 07 11 38 5 09 3 47
7 38 6 08 3 07 11 38 5 09 3 47
7 37 6 07 3 07 11 37 5 09 3 48
7 36 6 06 3 06 11 37 5 10 3 49
7 35 6 05 3 06 11 37 5 10 3 49
7 34 6 04 3 06 11 37 5 11 3 50
7 33 6 03 3 06 11 36 5 11 3 50
7 32 6 02 3 05 11 36 5 12 3 51
7 31 6 01 3 05 11 36 5 12 3 52
7 30 6 00 3 05 11 35 5 12 3 52
7 29 5 59 3 05 11 35 5 13 3 53
7 28 5 58 3 04 11 35 5 13 3 53
7 27 5 57 3 04 11 35 5 14 3 54
7 26 5 56 3 04 11 34 5 14 3 54
Sep
7 25 5 55 3 03 11 34 5 14 3 55
7 24 5 54 3 03 11 34 5 15 3 55
7 23 5 53 3 02 11 33 5 15 3 56
7 22 5 52 3 02 11 33 5 16 3 56
7 21 5 51 3 02 11 33 5 16 3 57
7 20 5 50 3 01 11 32 5 16 3 58
7 19 5 49 3 01 11 32 5 17 3 58
7 18 5 48 3 00 11 32 5 17 3 59
7 17 5 47 3 00 11 31 5 17 3 59
7 16 5 46 2 59 11 31 5 18 3 59
7 15 5 45 2 59 11 31 5 18 4 00
7 14 5 44 2 58 11 30 5 19 4 00
7 13 5 43 2 58 11 30 5 19 4 01
7 12 5 42 2 57 11 29 5 19 4 01
7 11 5 41 2 57 11 29 5 20 4 02
7 10 5 40 2 56 11 29 5 20 4 02
7 08 5 38 2 56 11 28 5 20 4 03
7 07 5 37 2 55 11 28 5 21 4 03
7 06 5 36 2 55 11 28 5 21 4 04
7 05 5 35 2 54 11 27 5 22 4 04
7 04 5 34 2 54 11 27 5 22 4 05
7 03 5 33 2 53 11 27 5 22 4 05
7 02 5 32 2 52 11 26 5 23 4 05
7 01 5 31 2 52 11 26 5 23 4 06
7 00 5 30 2 51 11 26 5 23 4 06
6 59 5 29 2 51 11 25 5 24 4 07
6 58 5 28 2 50 11 25 5 24 4 07
6 56 5 26 2 49 11 25 5 25 4 08
6 55 5 25 2 49 11 24 5 25 4 08
6 54 5 24 2 48 11 24 5 25 4 08
Oct
6 53 5 23 2 48 11 24 5 26 4 09
6 52 5 22 2 47 11 23 5 26 4 09
6 51 5 21 2 46 11 23 5 27 4 10
6 50 5 20 2 46 11 23 5 27 4 10
6 49 5 19 2 45 11 22 5 28 4 10
6 48 5 18 2 44 11 22 5 28 4 11
6 47 5 17 2 44 11 22 5 28 4 11
6 46 5 16 2 43 11 21 5 29 4 12
6 45 5 15 2 42 11 21 5 29 4 12
6 44 5 14 2 42 11 21 5 30 4 13
6 43 5 13 2 41 11 21 5 30 4 13
6 42 5 12 2 41 11 20 5 31 4 13
6 41 5 11 2 40 11 20 5 31 4 14
6 40 5 10 2 39 11 20 5 32 4 14
6 39 5 09 2 39 11 20 5 32 4 15
6 38 5 08 2 38 11 19 5 33 4 15
6 37 5 07 2 38 11 19 5 33 4 16
6 36 5 06 2 37 11 19 5 34 4 16
6 35 5 05 2 36 11 19 5 34 4 17
6 34 5 04 2 36 11 19 5 35 4 17
6 34 5 04 2 35 11 19 5 35 4 17
6 33 5 03 2 35 11 18 5 36 4 18
6 32 5 02 2 34 11 18 5 36 4 18
6 31 5 01 2 33 11 18 5 37 4 19
6 30 5 00 2 33 11 18 5 37 4 19
6 30 5 00 2 32 11 18 5 38 4 20
6 29 4 59 2 32 11 18 5 38 4 20
6 28 4 58 2 31 11 18 5 39 4 21
6 27 4 57 2 31 11 18 5 40 4 21
6 27 4 57 2 30 11 18 5 40 4 22
6 26 4 56 2 30 11 17 5 41 4 22
Nov
6 25 4 55 2 29 11 17 5 41 4 23
6 25 4 55 2 29 11 17 5 42 4 23
6 24 4 54 2 28 11 17 5 43 4 24
6 23 4 53 2 28 11 17 5 43 4 24
6 23 4 53 2 28 11 17 5 44 4 25
6 22 4 52 2 27 11 17 5 45 4 25
6 22 4 52 2 27 11 18 5 45 4 26
6 21 4 51 2 26 11 18 5 46 4 26
6 20 4 50 2 26 11 18 5 47 4 27
6 20 4 50 2 26 11 18 5 47 4 28
6 20 4 50 2 25 11 18 5 48 4 28
6 19 4 49 2 25 11 18 5 49 4 29
6 19 4 49 2 25 11 18 5 49 4 29
6 18 4 48 2 25 11 18 5 50 4 30
6 18 4 48 2 24 11 18 5 51 4 30
6 18 4 48 2 24 11 19 5 51 4 31
6 17 4 47 2 24 11 19 5 52 4 32
6 17 4 47 2 24 11 19 5 53 4 32
6 17 4 47 2 24 11 19 5 53 4 33
6 16 4 46 2 23 11 19 5 54 4 33
6 16 4 46 2 23 11 20 5 55 4 34
6 16 4 46 2 23 11 20 5 56 4 35
6 16 4 46 2 23 11 20 5 56 4 35
6 16 4 46 2 23 11 20 5 57 4 36
6 15 4 45 2 23 11 21 5 58 4 37
6 15 4 45 2 23 11 21 5 59 4 37
6 15 4 45 2 23 11 21 5 59 4 38
6 15 4 45 2 23 11 22 6 00 4 38
6 15 4 45 2 23 11 22 6 01 4 39
6 15 4 45 2 23 11 22 6 01 4 40
Dec
6 15 4 45 2 23 11 23 6 02 4 40
6 15 4 45 2 23 11 23 6 03 4 41
6 15 4 45 2 23 11 24 6 04 4 42
6 15 4 45 2 24 11 24 6 04 4 42
6 16 4 46 2 24 11 24 6 05 4 43
6 16 4 46 2 24 11 25 6 06 4 43
6 16 4 46 2 24 11 25 6 06 4 44
6 16 4 46 2 24 11 26 6 07 4 45
6 16 4 46 2 25 11 26 6 08 4 45
6 17 4 47 2 25 11 27 6 08 4 46
6 17 4 47 2 25 11 27 6 09 4 46
6 17 4 47 2 25 11 27 6 10 4 47
6 17 4 47 2 26 11 28 6 10 4 48
6 18 4 48 2 26 11 28 6 11 4 48
6 18 4 48 2 27 11 29 6 11 4 49
6 19 4 49 2 27 11 29 6 12 4 49
6 19 4 49 2 27 11 30 6 13 4 50
6 19 4 49 2 28 11 30 6 13 4 50
6 20 4 50 2 28 11 31 6 14 4 51
6 20 4 50 2 29 11 31 6 14 4 52
6 21 4 51 2 29 11 32 6 15 4 52
6 21 4 51 2 30 11 32 6 15 4 53
6 22 4 52 2 30 11 33 6 16 4 53
6 22 4 52 2 31 11 33 6 16 4 53
6 23 4 53 2 31 11 34 6 17 4 54
6 23 4 53 2 32 11 34 6 17 4 54
6 24 4 54 2 32 11 35 6 18 4 55
6 25 4 55 2 33 11 35 6 18 4 55
6 25 4 55 2 34 11 36 6 18 4 56
6 26 4 56 2 34 11 36 6 19 4 56
6 26 4 56 2 35 11 37 6 19 4 56

